SEED                = 15

P_CHAIN_OK          = 0.35
P_CLEAN_CHAIN       = 0.91
R_CHAIN_INSPECT     = 0.03333333333333333
R_CHAIN_TRAVEL      = 0.008333333333333333
R_CHAIN_CLEAN       = 0.011833166666666667
R_CHAIN_FAIL_CLEAN  = 0.01583333333333333
R_DAMAGE            = 0.000000166666666667